time,pos_x,pos_y,pos_z,rot_x,rot_y,rot_z
763.6,0.2923,0.8806,-0.5288,16.8206,128.1449,159.4683
763.6111,0.2923,0.8806,-0.5288,16.8525,128.1244,159.4539
763.6223,0.2923,0.8806,-0.5288,16.8796,128.1183,159.4548
763.6334,0.2921,0.8805,-0.5287,16.9012,128.1069,159.4486
763.6445,0.2921,0.8805,-0.5287,16.9196,128.0939,159.4468
763.6556,0.2924,0.8807,-0.5287,16.9207,128.0783,159.4554
763.6667,0.2923,0.8806,-0.5286,16.9173,128.0735,159.4636
763.6778,0.2923,0.8806,-0.5285,16.9136,128.0557,159.468
763.6889,0.2923,0.8806,-0.5286,16.8965,128.0247,159.4746
763.7,0.2923,0.8806,-0.5286,16.8809,128.004,159.4991
763.7111,0.2923,0.8806,-0.5286,16.8772,127.9612,159.5234
763.7222,0.2922,0.8806,-0.5286,16.8791,127.9262,159.5528
763.7333,0.2924,0.8804,-0.5284,16.8992,127.9141,159.5669
763.7444,0.2924,0.8804,-0.5283,16.9339,127.8937,159.5549
763.7556,0.2924,0.8804,-0.5284,16.983,127.8888,159.5196
763.7667,0.2923,0.8803,-0.5284,17.0051,127.8969,159.4884
763.7778,0.2924,0.8803,-0.5284,17.0306,127.9039,159.4815
763.7889,0.2926,0.8804,-0.5286,17.0455,127.9158,159.4803
763.8,0.2925,0.8803,-0.5285,17.0403,127.9342,159.4976
763.8112,0.2925,0.8803,-0.5285,17.0193,127.9319,159.5054
763.8223,0.2927,0.8804,-0.5288,16.9783,127.9228,159.5182
763.8334,0.2923,0.8802,-0.5286,16.9389,127.9128,159.5388
763.8445,0.2923,0.8801,-0.5286,16.9136,127.9225,159.5659
763.8556,0.2926,0.8802,-0.5287,16.9205,127.9377,159.5897
763.8667,0.2924,0.8801,-0.5286,16.9211,127.9573,159.6049
763.8778,0.2924,0.8801,-0.5287,16.9357,127.9652,159.6007
763.8889,0.2926,0.8802,-0.5289,16.9592,127.9769,159.6002
763.9,0.2924,0.8801,-0.5288,16.953,127.9908,159.621
763.9111,0.2923,0.88,-0.5288,16.9382,128.006,159.6512
763.9222,0.2923,0.88,-0.5288,16.9263,127.9993,159.6665
763.9333,0.2926,0.88,-0.529,16.9384,127.9782,159.6678
763.9445,0.2927,0.8799,-0.529,16.9642,127.9647,159.6731
763.9556,0.2928,0.88,-0.5292,16.9909,127.9764,159.6629
763.9667,0.2925,0.8799,-0.529,17.0047,127.9853,159.6463
763.9778,0.2925,0.8799,-0.529,17.0014,127.9933,159.6536
763.9889,0.2927,0.88,-0.5291,16.9749,127.9932,159.6716
764.0,0.2925,0.8798,-0.529,16.9578,127.993,159.6869
764.0111,0.2924,0.8797,-0.529,16.9474,127.9722,159.6886
764.0222,0.2926,0.8798,-0.5291,16.9567,127.9588,159.6833
764.0333,0.2923,0.8797,-0.5289,16.9606,127.9785,159.6895
764.0444,0.2923,0.8797,-0.5289,16.9653,127.9959,159.6908
764.0556,0.2925,0.8798,-0.5291,16.9602,128.0103,159.685
764.0667,0.2924,0.8797,-0.529,16.9485,128.0331,159.6955
764.0778,0.2923,0.8797,-0.529,16.9273,128.0365,159.7043
764.0889,0.2925,0.8798,-0.5292,16.9182,128.0237,159.7113
764.1,0.2922,0.8797,-0.5291,16.913,128.0058,159.7265
764.1111,0.2922,0.8797,-0.5291,16.9336,127.9764,159.7419
764.1223,0.2925,0.8799,-0.5293,16.9596,127.9687,159.7559
764.1334,0.2923,0.8798,-0.5291,16.9893,127.9697,159.75799999999998
764.1445,0.2922,0.8798,-0.5291,17.0139,127.9222,159.7451
764.1556,0.2924,0.8801,-0.5292,17.0386,127.865,159.7425
764.1667,0.292,0.8802,-0.5288,17.0814,127.7638,159.7437
764.1778,0.2918,0.8804,-0.5286,17.1462,127.6152,159.744
764.1889,0.2917,0.8809,-0.5286,17.2106,127.3988,159.696
764.2,0.2914,0.8811,-0.5283,17.2646,127.13799999999999,159.6329
764.2111,0.29100000000000004,0.8815,-0.528,17.3172,126.8292,159.512
764.2222,0.2909,0.882,-0.5278,17.3862,126.5016,159.34
764.2333,0.2903,0.8823,-0.5273,17.4985,126.1456,159.1376
764.2444,0.2899,0.8827,-0.5268,17.743,125.8166,158.8785
764.2556,0.2895,0.8832,-0.5263,18.002,125.4989,158.595
764.2667,0.2888,0.8836,-0.5257,18.3674,125.1717,158.2295
764.2778,0.2881,0.884,-0.525,18.7175,124.8102,157.8851
764.2889,0.2874,0.8844,-0.5243,19.009,124.5137,157.5616
764.3,0.2865,0.8847,-0.5233,19.3702,124.2024,157.1756
764.3112,0.2857,0.8851,-0.5224,19.7441,123.8595,156.7779
764.3223,0.285,0.8858,-0.5215,20.2228,123.4253,156.317
764.3334,0.2839,0.8864,-0.5204,20.671,122.9756,155.827
764.3445,0.2831,0.8872,-0.5195,21.0813,122.4855,155.3319
764.3556,0.2824,0.8881,-0.5188,21.4235,121.9452,154.811
764.3667,0.2813,0.8886,-0.5176,21.6339,121.4211,154.3717
764.3778,0.2802,0.8894,-0.5167,22.0209,120.7611,153.805
764.3889,0.2791,0.8903,-0.5158,22.4597,120.0537,153.1022
764.4,0.2777,0.8909,-0.5144,22.8774,119.4412,152.5321
764.4111,0.2766,0.8919,-0.5134,23.3358,118.7499,151.8953
764.4222,0.2755,0.8929,-0.5124,23.7755,118.0444,151.2115
764.4333,0.27399999999999997,0.8941,-0.5112,24.2626,117.27600000000001,150.4725
764.4445,0.2728,0.8953,-0.5103,24.8431,116.3636,149.5301
764.4556,0.2716,0.8965,-0.5095,25.24,115.4694,148.7554
764.4667,0.2701,0.8975,-0.5083,25.5217,114.6716,148.1857
764.4778,0.2688,0.8986,-0.5073,25.8765,113.7784,147.4922
764.4889,0.2676,0.8999,-0.5066,26.3026,112.8016,146.6598
764.5,0.266,0.9009,-0.5055,26.6775,111.8518,145.8355
764.5111,0.2646,0.9021,-0.5045,27.0351,110.8783,145.0583
764.5222,0.2632,0.9032,-0.5035,27.3733,109.8309,144.2021
764.5333,0.2618,0.9041,-0.5024,27.6067,108.7656,143.414
764.5444,0.2604,0.9052,-0.5014,27.8154,107.6787,142.7442
764.5556,0.259,0.9061,-0.5004,27.9253,106.5599,141.9489
764.5667,0.2574,0.9069,-0.4993,28.0016,105.4866,141.2192
764.5778,0.256,0.9075,-0.4983,28.094,104.5037,140.5238
764.5889,0.2544,0.9081,-0.4972,28.1635,103.5961,139.8217
764.6,0.2528,0.9087,-0.4958,28.313000000000002,102.8204,139.3
764.6111,0.2512,0.9094,-0.4944,28.5697,102.0837,138.812
764.6223,0.2494,0.9099,-0.493,28.7537,101.4469,138.40200000000002
764.6334,0.2478,0.9106,-0.4916,28.9862,100.7284,138.0126
764.6445,0.2465,0.9111,-0.4901,29.2477,100.0448,137.6225
764.6556,0.2451,0.9115,-0.4887,29.4144,99.4539,137.2229
764.6667,0.2438,0.9119,-0.4874,29.5852,98.825,136.814
764.6778,0.2424,0.9123,-0.4863,29.6692,98.2352,136.4538
764.6889,0.24100000000000002,0.9129,-0.4853,29.7834,97.6868,136.1057
764.7,0.2395,0.9133,-0.484,29.9021,97.2387,135.8083
764.7111,0.2381,0.9139,-0.4827,30.079,96.9581,135.5877
764.7222,0.237,0.9146,-0.4816,30.2412,96.8317,135.4783
764.7333,0.2359,0.915,-0.4803,30.3773,96.6895,135.3879
764.7444,0.2347,0.9154,-0.4787,30.5095,96.7565,135.4376
764.7556,0.2335,0.9158,-0.4771,30.660999999999998,96.7614,135.4144
764.7667,0.2324,0.9161,-0.4755,30.8367,96.7713,135.3958
764.7778,0.2314,0.9163,-0.474,30.9498,96.7596,135.3913
764.7889,0.2301,0.9164,-0.4726,30.9274,96.7713,135.46
764.8,0.2292,0.9164,-0.4714,30.9415,96.6185,135.4424
764.8112,0.2282,0.9163,-0.4703,30.8639,96.5214,135.566
764.8223,0.2272,0.9162,-0.4694,30.7265,96.4324,135.732
764.8334,0.2263,0.9158,-0.4683,30.6124,96.2608,135.8258
764.8445,0.2253,0.9156,-0.4673,30.5559,96.0444,135.859
764.8556,0.2245,0.9154,-0.4665,30.5971,95.7325,135.7768
764.8667,0.2236,0.915,-0.4656,30.7209,95.5104,135.7158
764.8778,0.2227,0.9148,-0.4647,30.9563,95.4125,135.6856
764.8889,0.2218,0.9147,-0.4638,31.2364,95.4076,135.6772
764.9,0.221,0.9145,-0.46299999999999997,31.4563,95.4249,135.6794
764.9111,0.2201,0.9144,-0.4621,31.6915,95.6321,135.7736
764.9222,0.2196,0.9146,-0.4614,31.8543,95.6275,135.876
764.9333,0.21899999999999997,0.9145,-0.4608,31.834,95.6856,136.0745
764.9445,0.2185,0.9144,-0.4602,31.8211,95.7427,136.1888
764.9556,0.2183,0.9145,-0.4598,31.8475,95.7518,136.2422
764.9667,0.2183,0.9145,-0.4596,31.8248,95.8455,136.3291
764.9778,0.2181,0.9144,-0.4591,31.7378,96.0071,136.4171
764.9889,0.218,0.9143,-0.4588,31.6281,96.1602,136.512
765.0,0.2178,0.9142,-0.4585,31.517,96.2913,136.6179
765.0111,0.2177,0.9141,-0.4581,31.3574,96.4186,136.7323
765.0222,0.2177,0.9141,-0.4581,31.2052,96.501,136.8147
765.0333,0.2175,0.9141,-0.4577,31.0522,96.5375,136.8485
765.0444,0.2173,0.9139,-0.4573,30.9291,96.5286,136.8645
765.0556,0.2174,0.9141,-0.4572,30.8691,96.5344,136.879
765.0667,0.2172,0.914,-0.4569,30.8643,96.4673,136.8363
765.0778,0.2171,0.9139,-0.4567,30.8906,96.4146,136.7812
765.0889,0.2172,0.914,-0.4567,30.8962,96.4169,136.7637
765.1,0.2171,0.9137,-0.4565,30.9482,96.4495,136.7597
765.1111,0.217,0.9136,-0.4565,30.9795,96.5345,136.8109
765.1223,0.2171,0.9136,-0.4565,31.0024,96.6845,136.9145
765.1334,0.2171,0.9136,-0.4565,31.0024,96.6845,136.9145
765.1445,0.2172,0.9133,-0.4566,30.9778,97.0697,137.0943
765.1556,0.2173,0.9132,-0.4566,30.9299,97.2241,137.1633
765.1667,0.2172,0.9131,-0.4567,30.8412,97.3637,137.2363
765.1778,0.2173,0.9129999999999999,-0.4567,30.772,97.4844,137.3031
765.1889,0.2176,0.9129999999999999,-0.4569,30.7658,97.5654,137.3214
765.2,0.2181,0.9129,-0.4573,30.7707,97.6431,137.319
765.2111,0.2184,0.9129,-0.4576,30.7524,97.7515,137.3353
765.2222,0.21899999999999997,0.9129999999999999,-0.4582,30.6852,97.9265,137.3737
765.2333,0.2194,0.9128,-0.4588,30.5432,98.1704,137.4574
765.2444,0.2194,0.9128,-0.4588,30.5432,98.1704,137.4574
765.2556,0.2212,0.9128,-0.4607,30.1433,98.9432,137.8398
765.2667,0.222,0.9126,-0.4616,29.9151,99.4067,138.0585
765.2778,0.2229,0.9124,-0.4626,29.6179,100.0463,138.3979
765.2889,0.2241,0.9122,-0.4638,29.3214,100.6806,138.7518
765.3,0.2249,0.9119,-0.4649,28.9925,101.3352,139.1139
765.3112,0.226,0.9115,-0.4661,28.6617,102.0079,139.4782
765.3223,0.2273,0.9114,-0.4673,28.3551,102.7918,139.9095
765.3334,0.2287,0.9109999999999999,-0.4688,28.0579,103.6378,140.3394
765.3445,0.23,0.9105,-0.4703,27.6955,104.5566,140.8499
765.3556,0.2314,0.9101,-0.4719,27.2746,105.5235,141.4409
765.3667,0.2327,0.9096,-0.4734,26.8798,106.5056,142.048
765.3778,0.2342,0.9091,-0.475,26.4711,107.5993,142.8221
765.3889,0.2362,0.9086,-0.4769,26.0946,108.663,143.5248
765.4,0.2362,0.9086,-0.4769,26.0946,108.663,143.5248
765.4111,0.2393,0.9071,-0.4805,25.3317,110.7536,144.703
765.4222,0.2393,0.9071,-0.4805,25.3317,110.7536,144.703
765.4333,0.2413,0.9066,-0.4825,24.9464,111.8869,145.3447
765.4445,0.2429,0.9058,-0.4842,24.543000000000003,113.1101,146.0433
765.4556,0.2446,0.9051,-0.4859,24.1424,114.4482,146.7732
765.4667,0.2468,0.9045,-0.4879,23.7443,115.6921,147.4219
765.4778,0.2485,0.9038,-0.4895,23.3032,116.973,148.0249
765.4889,0.2502,0.9031,-0.4912,22.8731,118.1797,148.569
765.5,0.2522,0.9027,-0.4933,22.4403,119.256,149.0575
765.5111,0.2536,0.9023,-0.4948,22.0554,120.1836,149.3867
765.5222,0.2552,0.9019,-0.4963,21.6203,121.0571,149.5883
765.5333,0.2573,0.9016,-0.4981,21.1427,121.9224,149.8722
765.5444,0.2589,0.9014,-0.4995,20.6539,122.6548,150.1057
765.5556,0.2604,0.9012,-0.5008,20.1214,123.2685,150.2248
765.5667,0.262,0.9008,-0.5022,19.5568,123.8497,150.4509
765.5778,0.2635,0.9006,-0.5036,19.0046,124.3546,150.6715
765.5889,0.2646,0.9006,-0.5047,18.5184,124.5908,150.9034
765.6,0.2664,0.9006,-0.5063,18.0743,124.95299999999999,151.1161
765.6111,0.2673,0.9004,-0.5073,17.6849,125.1051,151.2877
765.6223,0.2681,0.9001,-0.5081,17.3511,125.2636,151.4344
765.6334,0.26899999999999996,0.9001,-0.509,17.114,125.4274,151.4811
765.6445,0.2696,0.8998,-0.5096,16.8771,125.5128,151.4823
765.6556,0.2699,0.8997,-0.5101,16.8465,125.4545,151.3869
765.6667,0.2705,0.9,-0.5107,16.8191,125.3845,151.3861
765.6778,0.2707,0.8998,-0.5109,16.883,125.3176,151.3996
765.6889,0.2708,0.8996,-0.5109,16.9827,125.2512,151.4574
765.7,0.2712,0.8997,-0.511,17.0021,125.1832,151.4824
765.7111,0.271,0.8994,-0.5108,17.1154,124.9758,151.5278
765.7222,0.2707,0.8992,-0.5105,17.355999999999998,124.5993,151.4568
765.7333,0.2704,0.8993,-0.51,17.5514,124.1542,151.3515
765.7444,0.2699,0.899,-0.5094,17.6765,123.7766,151.2951
765.7556,0.2695,0.8988,-0.5088,17.8324,123.4227,151.2465
765.7667,0.26899999999999996,0.8987,-0.5082,18.0645,123.0116,151.1662
765.7778,0.2683,0.8986,-0.5074,18.3487,122.484,151.0711
765.7889,0.2679,0.8987,-0.5069,18.6439,121.9444,150.9886
765.8,0.2671,0.8984,-0.5059,18.9219,121.3754,150.9629
765.8112,0.2663,0.8983,-0.505,19.1944,120.7784,150.9251
765.8223,0.2655,0.8982,-0.5042,19.4309,120.1987,150.8789
765.8334,0.2649,0.8982,-0.5036,19.6344,119.6255,150.8233
765.8445,0.2642,0.8982,-0.5028,19.8225,119.1517,150.7799
765.8556,0.2637,0.8983,-0.502,19.9744,118.7599,150.7357
765.8667,0.2627,0.8982,-0.501,20.1294,118.302,150.6944
765.8778,0.262,0.8982,-0.5003,20.2929,117.8807,150.6758
765.8889,0.2617,0.8985,-0.4995,20.5081,117.4474,150.6642
765.9,0.2607,0.8984,-0.4986,20.726999999999997,117.0009,150.6154
765.9111,0.26,0.8986,-0.498,20.9704,116.48899999999999,150.56799999999998
765.9222,0.2591,0.8987,-0.4974,21.1586,115.845,150.5253
765.9333,0.2583,0.8986,-0.4965,21.3336,115.2145,150.5347
765.9445,0.2575,0.8987,-0.4958,21.5063,114.5752,150.515
765.9556,0.2569,0.8988,-0.4951,21.7133,114.0294,150.4722
765.9667,0.2558,0.8986,-0.4941,21.9233,113.5053,150.3878
765.9778,0.2552,0.8988,-0.4934,22.1229,113.0358,150.2546
765.9889,0.2543,0.8988,-0.4928,22.2678,112.4932,150.1554
766.0,0.2534,0.8986,-0.4921,22.3232,112.0252,150.067
766.0111,0.2527,0.8988,-0.4915,22.3709,111.4812,149.9669
766.0222,0.2516,0.8985,-0.4906,22.4064,111.0134,149.9021
766.0333,0.2502,0.8985,-0.4895,22.4127,110.581,149.8562
766.0444,0.2495,0.8987,-0.4889,22.4943,110.1329,149.798
766.0556,0.2485,0.8987,-0.4883,22.6164,109.6339,149.7017
766.0667,0.2473,0.8986,-0.4876,22.7496,109.1102,149.5759
766.0778,0.2466,0.8988,-0.4871,22.881,108.5957,149.5074
766.0889,0.2456,0.8987,-0.4864,22.9517,108.1029,149.4601
766.1,0.2448,0.8986,-0.4858,23.0642,107.6519,149.3854
766.1111,0.2441,0.8987,-0.4853,23.2,107.1759,149.298
766.1223,0.2429,0.8985,-0.4847,23.3135,106.7346,149.2327
766.1334,0.2419,0.8983,-0.4839,23.4047,106.3508,149.1793
766.1445,0.2411,0.8984,-0.4834,23.4698,106.0155,149.1092
766.1556,0.2399,0.8982,-0.4827,23.5472,105.6575,149.0178
766.1667,0.2388,0.898,-0.4819,23.6254,105.3007,148.9342
766.1778,0.2382,0.8981,-0.4814,23.6801,104.961,148.8744
766.1889,0.2369,0.8976,-0.4804,23.6623,104.5548,148.8563
766.2,0.2364,0.8978,-0.48,23.6899,104.1371,148.809
766.2111,0.2358,0.8977,-0.4796,23.7196,103.7712,148.7769
766.2222,0.2349,0.8974,-0.4789,23.7507,103.4812,148.7374
766.2333,0.2348,0.8974,-0.4787,23.8059,103.2742,148.6918
766.2444,0.2344,0.8974,-0.4783,23.8739,103.1056,148.6583
766.2556,0.2339,0.8973,-0.4777,23.9493,103.02799999999999,148.6271
766.2667,0.2338,0.8974,-0.4776,23.9437,103.0622,148.623
766.2778,0.2335,0.8974,-0.4774,23.8823,103.1324,148.6707
766.2889,0.2329,0.8971,-0.4771,23.8282,103.1173,148.7168
766.3,0.2329,0.8972,-0.4771,23.7474,103.15700000000001,148.8234
766.3112,0.2327,0.8972,-0.4769,23.6846,103.2024,148.9421
766.3223,0.2325,0.8971,-0.4767,23.6735,103.2269,149.0087
766.3334,0.2322,0.8966,-0.4765,23.6808,103.2665,149.05200000000002
766.3445,0.23199999999999998,0.8965,-0.4763,23.6952,103.2771,149.0558
766.3556,0.2322,0.8966,-0.4763,23.7262,103.2364,149.0069
766.3667,0.2318,0.8962,-0.4759,23.750999999999998,103.2273,148.9894
766.3778,0.2317,0.8961,-0.4757,23.7822,103.2461,148.9809
766.3889,0.23199999999999998,0.8964,-0.4759,23.7923,103.2511,148.9875
766.4,0.2317,0.8959999999999999,-0.4755,23.7377,103.2509,149.003
766.4111,0.2316,0.8959,-0.4753,23.6797,103.2843,149.0122
766.4222,0.2317,0.8959999999999999,-0.4752,23.6277,103.3237,149.0212
766.4333,0.2313,0.8957,-0.4748,23.5705,103.3791,149.0389
766.4445,0.2313,0.8956,-0.4747,23.5364,103.4274,149.0404
766.4556,0.2317,0.8958,-0.4751,23.5071,103.4542,148.9935
766.4667,0.2315,0.8954,-0.4749,23.4569,103.5264,148.9942
766.4778,0.2316,0.8954,-0.475,23.4039,103.6073,149.0242
766.4889,0.2323,0.8956,-0.4754,23.3298,103.7156,149.0738
766.5,0.2323,0.8953,-0.4754,23.2093,103.8452,149.1296
766.5111,0.2325,0.8951,-0.4754,23.090999999999998,104.0115,149.1773
766.5222,0.2332,0.8952,-0.47600000000000003,23.0221,104.1688,149.1676
766.5333,0.2332,0.8948,-0.47600000000000003,22.9395,104.3112,149.1485
766.5444,0.2335,0.8946,-0.4763,22.8597,104.456,149.1086
766.5556,0.2343,0.8947,-0.4768,22.7552,104.6372,149.0962
766.5667,0.2348,0.8942,-0.4771,22.5823,104.8879,149.1186
766.5778,0.2353,0.8939,-0.4774,22.3239,105.2478,149.1953
766.5889,0.2365,0.894,-0.4783,22.0545,105.6974,149.3354
766.6,0.2367,0.8936,-0.4784,21.7913,106.1751,149.4752
766.6111,0.2375,0.8932,-0.4788,21.5229,106.8208,149.6499
766.6223,0.239,0.8935,-0.4797,21.3823,107.5497,149.7495
766.6334,0.2398,0.8937,-0.4805,21.285999999999998,108.3514,149.7699
766.6445,0.2408,0.8938,-0.4814,21.0476,109.1374,149.8228
766.6556,0.2429,0.8945,-0.4829,20.4119,110.2352,150.111
766.6667,0.2442,0.8944,-0.4841,19.8655,111.2064,150.3442
766.6778,0.2453,0.8944,-0.4851,19.1821,112.1966,150.5977
766.6889,0.2473,0.8951,-0.4868,18.707,113.0801,150.8451
766.7,0.2483,0.8952,-0.4876,18.2769,114.0383,151.1032
766.7111,0.2495,0.8953,-0.4886,17.9568,115.0345,151.3978
766.7222,0.2517,0.8961,-0.4902,17.6788,116.0426,151.6073
766.7333,0.253,0.8964,-0.4913,17.4235,117.0126,151.6679
766.7444,0.2542,0.8968,-0.4924,17.1713,118.0037,151.6558
766.7556,0.2563,0.8982,-0.4945,16.7754,119.0869,151.6521
766.7667,0.2577,0.8987,-0.4957,16.3585,120.0844,151.6691
766.7778,0.2586,0.8991,-0.4965,15.671,121.15700000000001,151.7217
766.7889,0.2604,0.9003,-0.498,15.1564,122.0175,151.8155
766.8,0.2614,0.9007,-0.499,14.7863,122.7138,151.8711
766.8112,0.2619,0.9014,-0.4999,14.503,123.1449,152.004
766.8223,0.2631,0.903,-0.5016,14.3977,123.4076,152.1145
766.8334,0.2631,0.9037,-0.5024,14.3137,123.5993,152.14600000000002
766.8445,0.2629,0.9043,-0.5031,14.2987,123.7104,152.2814
766.8556,0.2632,0.9053,-0.5042,14.347999999999999,123.8472,152.3624
766.8667,0.2628,0.9056,-0.5045,14.3489,123.9788,152.4441
766.8778,0.2619,0.9059,-0.5046,14.7641,123.7081,152.4547
766.8889,0.2615,0.9066,-0.5051,15.3183,123.2883,152.2677
766.9,0.2602,0.9068,-0.5046,15.9919,122.7793,152.0263
766.9111,0.2589,0.9072,-0.5041,16.8169,122.1068,151.6034
766.9222,0.2582,0.9079999999999999,-0.5041,17.5263,121.4901,151.2177
766.9333,0.2566,0.9086,-0.5032,18.2875,120.73700000000001,150.76
766.9445,0.255,0.909,-0.5023,18.891,119.8958,150.2586
766.9556,0.2536,0.9099,-0.5017,19.4887,118.9414,149.7247
766.9667,0.2518,0.9103,-0.5006,20.0669,117.97,149.1394
766.9778,0.25,0.9108,-0.4994,20.7284,116.9203,148.583
766.9889,0.2485,0.9118,-0.4983,21.4787,115.8065,148.0061
767.0,0.2462,0.9121,-0.4965,22.221,114.6163,147.3136
767.0111,0.2439,0.9127,-0.4947,22.8613,113.3775,146.5849
767.0222,0.2419,0.9139,-0.4932,23.5752,112.0295,145.8187
767.0333,0.2394,0.9141,-0.4912,24.2019,110.6633,145.0476
767.0444,0.2369,0.9146,-0.4889,24.4936,109.1571,144.4541
767.0556,0.2346,0.9153,-0.48700000000000004,24.7628,107.4977,143.8757
767.0667,0.2318,0.9158,-0.4845,25.0702,105.7484,143.1331
767.0778,0.2293,0.9162,-0.4821,25.4188,104.0081,142.3902
767.0889,0.2269,0.9171,-0.48,25.9361,102.3011,141.399
767.1,0.2243,0.9178,-0.4778,26.4879,100.5559,140.3155
767.1111,0.2216,0.9187,-0.4755,26.9758,98.914,139.3121
767.1223,0.2193,0.9197,-0.4734,27.3711,97.2963,138.446
767.1334,0.2164,0.9203,-0.4709,27.5465,95.89200000000001,137.9036
767.1445,0.2136,0.9209,-0.4683,27.7642,94.4091,137.2141
767.1556,0.2111,0.9217,-0.4659,28.0165,92.9864,136.3262
767.1667,0.2085,0.9222,-0.4631,28.4124,91.7749,135.3605
767.1778,0.2061,0.9228,-0.4599,28.9627,90.8815,134.6443
767.1889,0.204,0.9234,-0.4571,29.46,90.0691,134.0829
767.2,0.2018,0.9239,-0.4539,29.9681,89.5387,133.6966
767.2111,0.1992,0.9242,-0.4504,30.2958,89.3128,133.4782
767.2222,0.1964,0.9243,-0.4472,30.6105,88.9841,133.1154
767.2333,0.19399999999999998,0.9247,-0.4439,31.0291,89.0741,132.9331
767.2444,0.1916,0.925,-0.4404,31.6485,89.2931,132.7787
767.2556,0.1898,0.9252,-0.4368,32.4893,89.87200000000001,132.8722
767.2667,0.1877,0.9254,-0.4333,33.2532,90.4255,133.1697
767.2778,0.1859,0.9252,-0.4301,33.9885,90.8524,133.5158
767.2889,0.1844,0.9252,-0.4272,34.6124,91.0066,133.6411
767.3,0.1823,0.925,-0.4245,35.1323,90.9013,133.6251
767.3112,0.1806,0.925,-0.4222,35.5835,90.745,133.5321
767.3223,0.1792,0.9253,-0.4201,35.8893,91.0209,133.6513
767.3334,0.1777,0.9252,-0.4178,35.9628,91.2082,133.8559
767.3445,0.1762,0.9251,-0.4152,36.0892,91.5494,134.1609
767.3556,0.1755,0.925,-0.413,36.1924,91.9266,134.572
767.3667,0.1755,0.925,-0.413,36.1924,91.9266,134.572
767.3778,0.1734,0.9239,-0.4079,36.0166,92.76299999999999,135.3926
767.3889,0.1727,0.9234,-0.4057,36.0203,93.0488,135.4983
767.4,0.1717,0.9228,-0.4034,35.9288,93.212,135.4874
767.4111,0.1707,0.9221,-0.4012,35.7538,93.2601,135.3451
767.4222,0.1701,0.9216,-0.39899999999999997,35.6396,93.2355,135.2826
767.4333,0.1692,0.9211,-0.397,35.4889,93.0683,135.1907
767.4445,0.1692,0.9211,-0.397,35.4889,93.0683,135.1907
767.4556,0.1682,0.9206,-0.3949,35.3887,92.9165,135.1418
767.4667,0.1676,0.9204,-0.3933,35.3559,92.8637,135.128
767.4778,0.1668,0.9199,-0.3914,35.418,92.8368,135.1115
767.4889,0.1655,0.9192,-0.3886,35.3231,93.0206,135.3771
767.5,0.1655,0.9192,-0.3886,35.3231,93.0206,135.3771
767.5111,0.1648,0.9188,-0.3873,35.1663,93.1838,135.601
767.5222,0.1642,0.9185,-0.3861,35.0395,93.3382,135.7802
767.5333,0.1636,0.9182,-0.3849,34.9845,93.4656,135.8815
767.5444,0.163,0.9179999999999999,-0.3838,34.9112,93.6334,135.9632
767.5556,0.1624,0.9178,-0.3827,34.8973,93.76299999999999,135.9923
767.5667,0.1624,0.9179,-0.3818,34.9234,93.7372,135.9702
767.5778,0.1619,0.9178,-0.3808,34.8784,93.7054,135.9578
767.5889,0.1614,0.9177,-0.38,34.7972,93.5766,135.8893
767.6,0.1613,0.9179,-0.3793,34.7883,93.42,135.7643
767.6111,0.1611,0.9179999999999999,-0.3787,34.8194,93.1508,135.5597
767.6223,0.161,0.9179999999999999,-0.3782,34.8021,93.0486,135.4608
767.6334,0.1606,0.9179,-0.3776,34.7043,93.0446,135.4543
767.6445,0.1604,0.9179,-0.3771,34.5601,93.0797,135.4692
767.6556,0.1602,0.9178,-0.3764,34.4357,93.1829,135.493
767.6667,0.1604,0.9179,-0.3759,34.3889,93.3029,135.4752
767.6778,0.1603,0.9179,-0.3752,34.3862,93.4053,135.4207
767.6889,0.1602,0.9179,-0.3746,34.4495,93.3948,135.2848
767.7,0.1602,0.9181,-0.3743,34.5383,93.2252,135.0797
767.7111,0.1602,0.9182,-0.3739,34.6231,93.035,134.8774
767.7222,0.1602,0.9184,-0.3735,34.6473,92.8647,134.7177
767.7333,0.1602,0.9185,-0.3735,34.5547,92.6916,134.567
767.7444,0.1603,0.9187,-0.3735,34.4419,92.4977,134.4053
767.7556,0.1606,0.9188,-0.3738,34.3454,92.3557,134.3205
767.7667,0.1611,0.9192,-0.3742,34.3229,92.3188,134.3085
767.7778,0.1616,0.9196,-0.3749,34.3654,92.4706,134.423
767.7889,0.1622,0.9199,-0.3757,34.384,92.7511,134.6175
767.8,0.163,0.9203,-0.3767,34.3283,93.0445,134.8101
767.8112,0.1637,0.9203,-0.3779,34.2091,93.3311,135.0355
767.8223,0.1649,0.9205,-0.3795,34.1213,93.5355,135.2359
767.8334,0.1653,0.9207,-0.3808,34.0737,93.7537,135.4254
767.8445,0.1662,0.9208,-0.3824,34.0718,93.99600000000001,135.6203
767.8556,0.1672,0.9209,-0.3844,34.1513,94.321,135.8609
767.8667,0.1681,0.9209,-0.3864,34.1732,94.6603,136.1117
767.8778,0.1692,0.9209,-0.3887,34.1473,95.0624,136.4127
767.8889,0.1705,0.9212,-0.3913,34.111,95.4659,136.7417
767.9,0.1712,0.9213,-0.3936,34.0363,95.9198,137.0933
767.9111,0.1725,0.9216,-0.3963,33.9855,96.3345,137.433
767.9222,0.174,0.922,-0.3993,33.8584,96.7886,137.8067
767.9333,0.1753,0.9221,-0.4022,33.6492,97.2847,138.2157
767.9445,0.1768,0.9223,-0.4053,33.4282,97.8056,138.6202
767.9556,0.1785,0.9223,-0.4085,33.1174,98.3759,138.938
767.9667,0.1806,0.9221,-0.4122,32.8727,98.9626,139.3266
767.9778,0.1825,0.9221,-0.4158,32.6401,99.641,139.7133
767.9889,0.1844,0.9221,-0.419,32.4493,100.4528,140.1918
768.0,0.1859,0.9219,-0.4219,32.3321,101.6499,140.8621
768.0111,0.1881,0.9218,-0.4253,32.0883,103.024,141.6148
768.0222,0.1902,0.9213,-0.429,31.8093,104.1713,142.1815
768.0333,0.1921,0.9207,-0.4328,31.6692,105.1561,142.7153
768.0444,0.1942,0.92,-0.4365,31.6163,106.0075,143.264
768.0556,0.1961,0.9192,-0.4399,31.5273,106.8607,143.8062
768.0667,0.1983,0.9185,-0.4435,31.6171,107.6162,144.464
768.0778,0.2008,0.9181,-0.447,31.6152,108.4893,144.9873
768.0889,0.2031,0.9178,-0.4502,31.4125,109.4307,145.4384
768.1,0.2053,0.9172,-0.4533,30.9953,110.5189,145.9147
768.1111,0.2077,0.9166,-0.4563,30.2363,111.7845,146.4747
768.1223,0.2105,0.9162,-0.4596,29.5749,113.2487,147.2106
768.1334,0.2134,0.9154,-0.46299999999999997,28.9709,114.7101,147.8657
768.1445,0.2162,0.9147,-0.4659,28.4427,116.1718,148.5049
768.1556,0.2187,0.9142,-0.4686,27.967,117.5307,149.0455
768.1667,0.2216,0.9137,-0.4713,27.4875,119.2059,149.5575
768.1778,0.2245,0.9133,-0.4738,26.8888,121.0434,150.0668
768.1889,0.2272,0.9129999999999999,-0.4762,26.3533,122.7624,150.5884
768.2,0.2302,0.9126,-0.4787,25.7695,124.3455,151.0786
768.2111,0.2331,0.9122,-0.4809,25.0069,125.8364,151.4513
768.2222,0.23600000000000002,0.9119,-0.4832,24.4063,127.0909,151.5992
768.2333,0.239,0.9116,-0.4857,23.8205,127.8519,151.4488
768.2444,0.2418,0.9111,-0.4883,22.9603,128.3367,151.3466
768.2556,0.2447,0.9107,-0.4905,22.1102,129.0895,151.4998
768.2667,0.2476,0.9102,-0.493,21.2158,129.6169,151.6586
768.2778,0.2506,0.9099,-0.4957,20.2322,130.0278,151.7039
768.2889,0.2539,0.9097,-0.4983,19.2289,130.7962,151.858
768.3,0.2566,0.9088,-0.5005,18.2143,131.5088,152.1422
768.3112,0.2594,0.9081,-0.5029,17.2268,132.2257,152.2797
768.3223,0.2621,0.9073,-0.5049,16.3803,132.9435,152.4189
768.3334,0.2646,0.9064,-0.5069,15.5508,133.7283,152.6594
768.3445,0.2673,0.9056,-0.5092,14.9007,134.4398,152.8169
768.3556,0.27,0.9049,-0.5113,14.2113,135.196,152.9697
768.3667,0.2722,0.9044,-0.5134,13.6072,135.7401,153.0849
768.3778,0.2747,0.9039,-0.5157,12.9972,136.2319,152.9408
768.3889,0.2771,0.9032,-0.5174,12.3182,136.782,152.7493
768.4,0.2793,0.9027,-0.5191,11.6002,137.1494,152.4935
768.4111,0.2817,0.9023,-0.5208,10.9723,137.5246,152.2265
768.4222,0.2839,0.9019,-0.5225,10.2045,137.483,151.8303
768.4333,0.2857,0.9013,-0.5236,9.5476,137.3229,151.6197
768.4445,0.2878,0.9008,-0.525,8.7759,136.9713,151.3752
768.4556,0.2898,0.9004,-0.5265,8.105,136.5403,151.2558
768.4667,0.2915,0.8997,-0.5276,7.4484,136.1985,151.1542
768.4778,0.2932,0.8992,-0.5289,6.7259,135.6353,150.9933
768.4889,0.2947,0.8987,-0.5302,6.0542,135.1812,150.7927
768.5,0.2958,0.8982,-0.5308,5.457999999999999,134.8064,150.5298
768.5111,0.2972,0.898,-0.5316,4.9632,134.4801,150.3745
